LINDSTEDT_DENDRITIC_CELL_MATURATION_A	17	58	156	38.9338480435	8.62458428433e-20	2.44851947832e-16
KEGG_CYTOKINE_CYTOKINE_RECEPTOR_INTERACTION	24	205	156	12.9563033651	1.70592313966e-17	2.42155789675e-14
TIAN_TNF_SIGNALING_VIA_NFKB	12	28	156	68.1614583333	1.18632042938e-16	1.12265456634e-13
ALTEMEIER_RESPONSE_TO_LPS_WITH_MECHANICAL_VENTILATION	18	103	156	19.958056266	1.63168110026e-16	1.15808566091e-13
REACTOME_IMMUNE_SYSTEM	41	795	156	5.81168262023	3.49554841296e-16	1.98477238888e-13
MCLACHLAN_DENTAL_CARIES_UP	22	193	156	12.3969625556	7.32649564635e-16	3.46665352333e-13
BASSO_CD40_SIGNALING_UP	16	89	156	20.3866927593	5.26455646446e-15	2.13515368608e-12
QI_PLASMACYTOMA_UP	22	225	156	10.4168811117	1.87647179102e-14	6.65912926839e-12
HINATA_NFKB_TARGETS_KERATINOCYTE_UP	15	85	156	19.7978723404	5.16736645137e-14	1.63001703949e-11
KEGG_LEISHMANIA_INFECTION	13	61	156	24.7215909091	2.02006681603e-13	5.73496969072e-11
SANA_TNF_SIGNALING_UP	13	68	156	21.5636363636	8.99263795768e-13	2.12750826349e-10
PID_IL27_PATHWAY	9	21	156	66.8214285714	8.88834958269e-13	2.12750826349e-10
WINTER_HYPOXIA_METAGENE	20	221	156	9.42786069652	1.34869031085e-12	2.94533214807e-10
MAHAJAN_RESPONSE_TO_IL1A_UP	13	72	156	20.0955315871	1.95236421226e-12	3.95911571329e-10
PID_IL23_PATHWAY	10	33	156	38.9636688505	2.78168052321e-12	5.26479400359e-10
SEKI_INFLAMMATORY_RESPONSE_LPS_UP	12	64	156	20.9150641026	8.90703615272e-12	1.54138335792e-09
NABA_MATRISOME	31	631	156	5.1522	9.22984046656e-12	1.54138335792e-09
GROSS_HYPOXIA_VIA_ELK3_DN	16	143	156	11.6697412823	1.06055567481e-11	1.60589624155e-09
NABA_SECRETED_FACTORS	19	219	156	8.93762773723	1.07474563542e-11	1.60589624155e-09
KEGG_ALLOGRAFT_REJECTION	9	27	156	44.5272108844	1.33454096993e-11	1.80417229221e-09
KEGG_GRAFT_VERSUS_HOST_DISEASE	9	27	156	44.5272108844	1.33454096993e-11	1.80417229221e-09
GHANDHI_DIRECT_IRRADIATION_UP	13	84	156	16.6837387964	1.52664902191e-11	1.97007116964e-09
ZHANG_RESPONSE_TO_IKK_INHIBITOR_AND_TNF_UP	17	179	156	9.76227906564	3.31805127941e-11	3.92497815927e-09
KEGG_HEMATOPOIETIC_CELL_LINEAGE	12	71	156	18.4237288136	3.23544173241e-11	3.92497815927e-09
SMID_BREAST_CANCER_LUMINAL_B_DN	25	438	156	5.85180119402	5.2187606924e-11	5.92642464229e-09
SCHOEN_NFKB_SIGNALING	9	31	156	36.4202226345	5.51483433987e-11	6.00809270796e-09
REACTOME_CYTOKINE_SIGNALING_IN_IMMUNE_SYSTEM	19	241	156	8.03817320971	5.73512576221e-11	6.00809270796e-09
GAURNIER_PSMD4_TARGETS	11	58	156	21.0767424798	5.92555814804e-11	6.00809270796e-09
KEGG_NOD_LIKE_RECEPTOR_SIGNALING_PATHWAY	11	59	156	20.6360632184	7.21044788464e-11	7.05877984293e-09
GALINDO_IMMUNE_RESPONSE_TO_ENTEROTOXIN	12	77	156	16.7153846154	8.74157110129e-11	8.00558721179e-09
GHANDHI_BYSTANDER_IRRADIATION_UP	11	60	156	20.2133708656	8.74056779862e-11	8.00558721179e-09
ZHOU_INFLAMMATORY_RESPONSE_LIVE_UP	22	346	156	6.46531232725	1.07276499008e-10	9.5174368964e-09
VART_KSHV_INFECTION_ANGIOGENIC_MARKERS_UP	15	144	156	10.6943757216	1.35378515414e-10	1.16466547049e-08
VERHAAK_AML_WITH_NPM1_MUTATED_UP	15	146	156	10.5294786422	1.64932831526e-10	1.37718914324e-08
NUYTTEN_EZH2_TARGETS_UP	34	843	156	4.21994366654	1.72291747085e-10	1.39753219992e-08
WINZEN_DEGRADED_VIA_KHSRP	12	83	156	15.2957746479	2.1684745905e-10	1.71008315623e-08
NABA_MATRISOME_ASSOCIATED	25	471	156	5.40469996235	2.4386676917e-10	1.82999146111e-08
KEGG_AUTOIMMUNE_THYROID_DISEASE	9	36	156	29.664399093	2.44944260381e-10	1.82999146111e-08
LINDSTEDT_DENDRITIC_CELL_MATURATION_B	10	50	156	22.375	2.60179702548e-10	1.89397480906e-08
ZHOU_INFLAMMATORY_RESPONSE_FIMA_UP	22	373	156	5.95535144789	4.50846386837e-10	3.19988223058e-08
BIOCARTA_ASBCELL_PATHWAY	6	10	156	131.11	4.8401750944e-10	3.35152612024e-08
PID_IL12_2PATHWAY	10	55	156	19.8812785388	7.04486293397e-10	4.7619918737e-08
PID_NFAT_TFPATHWAY	9	42	156	24.2597402597	1.09244126515e-09	7.21265291108e-08
HINATA_NFKB_TARGETS_FIBROBLAST_UP	11	77	156	14.9873563218	1.43580194913e-09	9.26418575816e-08
REACTOME_SIGNALING_BY_ILS	12	103	156	11.9157509158	2.79807766105e-09	1.7652761066e-07
KEGG_TYPE_I_DIABETES_MELLITUS	8	33	156	28.2940540541	3.30243142264e-09	2.03817452367e-07
RUTELLA_RESPONSE_TO_HGF_UP	20	345	156	5.77466063348	4.00721606198e-09	2.42052902127e-07
FULCHER_INFLAMMATORY_RESPONSE_LECTIN_VS_LPS_UP	23	469	156	4.89910313901	6.22945770053e-09	3.66504255971e-07
SCHUETZ_BREAST_CANCER_DUCTAL_INVASIVE_UP	18	284	156	6.28881987578	6.32571628834e-09	3.66504255971e-07
AMIT_EGF_RESPONSE_60_MCF10A	8	36	156	25.2567567568	6.98581232967e-09	3.96654424078e-07
BIOCARTA_INFLAM_PATHWAY	7	24	156	36.1910777734	7.93819320389e-09	4.41892755017e-07
GRAHAM_CML_QUIESCENT_VS_NORMAL_DIVIDING_UP	9	52	156	18.6037019459	8.15465477269e-09	4.45212786532e-07
TSAI_RESPONSE_TO_IONIZING_RADIATION	13	139	156	9.36147186147	9.11616129805e-09	4.88316640098e-07
WALLACE_PROSTATE_CANCER_RACE_UP	16	228	156	6.94501347709	1.09682920676e-08	5.7664779963e-07
BIOCARTA_TCAPOPTOSIS_PATHWAY	5	8	156	144.746136865	1.14490371199e-08	5.80425292561e-07
SEIKE_LUNG_CANCER_POOR_SURVIVAL	5	8	156	144.746136865	1.14490371199e-08	5.80425292561e-07
KEGG_TOLL_LIKE_RECEPTOR_SIGNALING_PATHWAY	11	95	156	11.7595238095	1.39954279432e-08	6.97070525099e-07
WESTON_VEGFA_TARGETS	11	96	156	11.6202839757	1.56481195752e-08	7.65948473691e-07
HARRIS_HYPOXIA	10	75	156	13.7428872497	1.63286467749e-08	7.85712342272e-07
OSWALD_HEMATOPOIETIC_STEM_CELL_IN_COLLAGEN_GEL_UP	15	206	156	7.1883702796	1.96716018696e-08	9.30794628464e-07
HELLER_SILENCED_BY_METHYLATION_UP	16	238	156	6.62702702703	2.01703127858e-08	9.38746196701e-07
FERRANDO_TAL1_NEIGHBORS	6	18	156	43.6766666667	3.95830611659e-08	1.7837509627e-06
BIOCARTA_DC_PATHWAY	6	18	156	43.6766666667	3.95830611659e-08	1.7837509627e-06
REACTOME_IL_6_SIGNALING	5	10	156	86.8344370861	5.05487710309e-08	2.24231188995e-06
LIANG_SILENCED_BY_METHYLATION_2	8	46	156	18.5960170697	5.45321624545e-08	2.3106986449e-06
ZHOU_INFLAMMATORY_RESPONSE_LPS_UP	17	290	156	5.74327351306	5.39040429013e-08	2.3106986449e-06
VILIMAS_NOTCH1_TARGETS_UP	8	46	156	18.5960170697	5.45321624545e-08	2.3106986449e-06
PEDRIOLI_MIR31_TARGETS_DN	17	291	156	5.72186630258	5.66749976726e-08	2.36618115283e-06
KEGG_PATHWAYS_IN_CANCER	17	296	156	5.61713210077	7.25887515547e-08	2.90252768541e-06
TARTE_PLASMA_CELL_VS_B_LYMPHOCYTE_DN	7	32	156	24.5948993289	7.13431877294e-08	2.90252768541e-06
MISSIAGLIA_REGULATED_BY_METHYLATION_UP	11	111	156	9.86586206897	7.21926069459e-08	2.90252768541e-06
POOLA_INVASIVE_BREAST_CANCER_UP	15	228	156	6.43492158626	7.60022759683e-08	2.99681196492e-06
WESTON_VEGFA_TARGETS_3HR	9	67	156	13.7765657987	8.15573012931e-08	3.17179696399e-06
PHONG_TNF_RESPONSE_NOT_VIA_P38	17	300	156	5.53600935506	8.81539529775e-08	3.38201449328e-06
DUTTA_APOPTOSIS_VIA_NFKB	7	33	156	23.6471347445	8.96628912085e-08	3.39403930855e-06
REACTOME_INTERFERON_GAMMA_SIGNALING	8	49	156	17.2313777192	9.14785585176e-08	3.41720562673e-06
AMIT_SERUM_RESPONSE_60_MCF10A	8	50	156	16.8198198198	1.0782527356e-07	3.97553183942e-06
UZONYI_RESPONSE_TO_LEUKOTRIENE_AND_THROMBIN	7	34	156	22.7695749441	1.1180158328e-07	4.03851225396e-06
DEBOSSCHER_NFKB_TARGETS_REPRESSED_BY_GLUCOCORTICOIDS	6	21	156	34.9333333333	1.12378467088e-07	4.03851225396e-06
WONG_ADULT_TISSUE_STEM_MODULE	24	601	156	3.93949897589	1.43484702903e-07	5.09191339426e-06
THEILGAARD_NEUTROPHIL_AT_SKIN_WOUND_UP	9	72	156	12.6783284742	1.54423883945e-07	5.39659000178e-06
BIOCARTA_IL17_PATHWAY	5	12	156	62.0151371807	1.55871919741e-07	5.39659000178e-06
KEGG_INTESTINAL_IMMUNE_NETWORK_FOR_IGA_PRODUCTION	7	36	156	21.1960194399	1.70099829196e-07	5.81823391671e-06
CHICAS_RB1_TARGETS_SENESCENT	21	475	156	4.32780225159	1.75589463557e-07	5.93450579806e-06
GRAHAM_CML_QUIESCENT_VS_CML_DIVIDING_UP	6	23	156	30.8188235294	2.05032842298e-07	6.84809693274e-06
KUROZUMI_RESPONSE_TO_ONCOCYTIC_VIRUS	7	38	156	19.8255033557	2.5214442958e-07	8.32369808812e-06
BOSCO_TH1_CYTOTOXIC_MODULE	9	78	156	11.57054126	3.11594514426e-07	1.01680094995e-05
KEGG_T_CELL_RECEPTOR_SIGNALING_PATHWAY	10	103	156	9.58462218294	3.50742864859e-07	1.13154431061e-05
PHONG_TNF_TARGETS_UP	8	58	156	14.12	3.55529506794e-07	1.13409917954e-05
SMID_BREAST_CANCER_NORMAL_LIKE_UP	18	371	156	4.70673728292	3.69183232087e-07	1.16456799544e-05
BIOCARTA_NO2IL12_PATHWAY	5	14	156	48.2266372333	3.8658318208e-07	1.20605456475e-05
DIRMEIER_LMP1_RESPONSE_EARLY	8	59	156	13.8420773715	4.07230893068e-07	1.25666141894e-05
GRAESSMANN_RESPONSE_TO_MC_AND_SERUM_DEPRIVATION_UP	12	164	156	7.10032894737	5.17484613135e-07	1.57971915773e-05
DELYS_THYROID_CANCER_UP	18	382	156	4.56055900621	5.66080554957e-07	1.70968371864e-05
BIOCARTA_CTLA4_PATHWAY	5	15	156	43.4006622517	5.74385726748e-07	1.71650639815e-05
LIAN_LIPA_TARGETS_3M	7	43	156	17.0654362416	6.12883068649e-07	1.81247399156e-05
ONDER_CDH1_TARGETS_2_DN	18	386	156	4.50956994329	6.58680317056e-07	1.90815655115e-05
LU_IL4_SIGNALING	9	85	156	10.4991944146	6.55931925944e-07	1.90815655115e-05
REACTOME_CHEMOKINE_RECEPTORS_BIND_CHEMOKINES	7	44	156	16.602938509	7.21693803492e-07	2.04891235175e-05
NOJIMA_SFRP2_TARGETS_UP	6	28	156	23.8054545455	7.28919152965e-07	2.04891235175e-05
PID_IL12_STAT4_PATHWAY	6	28	156	23.8054545455	7.28919152965e-07	2.04891235175e-05
SMID_BREAST_CANCER_BASAL_UP	21	530	156	3.8433529797	1.0590281068e-06	2.94762823058e-05
FOSTER_TOLERANT_MACROPHAGE_DN	17	359	156	4.55986789516	1.11181462403e-06	3.06450652196e-05
BIOCARTA_IL10_PATHWAY	5	17	156	36.1616997792	1.16128853665e-06	3.17009438032e-05
LINDGREN_BLADDER_CANCER_CLUSTER_2B	16	322	156	4.77647058824	1.24914002059e-06	3.31430702659e-05
KONDO_HYPOXIA	4	8	156	86.2828947368	1.23834489155e-06	3.31430702659e-05
JAATINEN_HEMATOPOIETIC_STEM_CELL_DN	12	178	156	6.49447791165	1.24128609834e-06	3.31430702659e-05
ONDER_CDH1_TARGETS_3_DN	7	48	156	14.9785562285	1.33312968532e-06	3.50440294132e-05
REACTOME_DOWNSTREAM_TCR_SIGNALING	6	31	156	20.944	1.38367243162e-06	3.60389544347e-05
BIOCARTA_IL12_PATHWAY	5	18	156	33.3774834437	1.59272721215e-06	4.07365095073e-05
BIOCARTA_CYTOKINE_PATHWAY	5	18	156	33.3774834437	1.59272721215e-06	4.07365095073e-05
ONDER_CDH1_TARGETS_1_DN	11	151	156	7.02536945813	1.63700628313e-06	4.14951860518e-05
ZHENG_BOUND_BY_FOXP3	18	412	156	4.20337673803	1.68145659576e-06	4.224473695e-05
RUTELLA_RESPONSE_TO_CSF2RB_AND_IL4_UP	15	291	156	4.94179771816	1.73366669413e-06	4.31743837248e-05
PID_CXCR4_PATHWAY	9	96	156	9.16396903589	1.85043117711e-06	4.56815140157e-05
BIOCARTA_IL1R_PATHWAY	6	33	156	19.3896296296	2.04141496731e-06	4.91150601033e-05
REACTOME_PEPTIDE_LIGAND_BINDING_RECEPTORS	9	97	156	9.05913729128	2.01939668883e-06	4.91150601033e-05
WESTON_VEGFA_TARGETS_6HR	7	51	156	13.9540878585	2.03525794235e-06	4.91150601033e-05
MARTINELLI_IMMATURE_NEUTROPHIL_DN	4	9	156	69.0210526316	2.20862312029e-06	5.26914372983e-05
ROZANOV_MMP14_TARGETS_UP	13	224	156	5.55364067212	2.38982715185e-06	5.65393273676e-05
RUTELLA_RESPONSE_TO_HGF_VS_CSF2RB_AND_IL4_UP	16	339	156	4.51906236179	2.4431260844e-06	5.73226029223e-05
ZWANG_CLASS_3_TRANSIENTLY_INDUCED_BY_EGF	12	190	156	6.05102996255	2.46559570119e-06	5.73756245548e-05
TONKS_TARGETS_OF_RUNX1_RUNX1T1_FUSION_HSC_DN	11	158	156	6.68721557589	2.55428056211e-06	5.89561180148e-05
KEGG_JAK_STAT_SIGNALING_PATHWAY	10	128	156	7.53947062921	2.62392877107e-06	6.00752724279e-05
PID_P53_DOWNSTREAM_PATHWAY	10	129	156	7.47553816047	2.81602152253e-06	6.39574808197e-05
VERHAAK_GLIOBLASTOMA_MESENCHYMAL	12	193	156	5.94935543278	2.90314246291e-06	6.54128686682e-05
REACTOME_ADAPTIVE_IMMUNE_SYSTEM	19	475	156	3.84215328467	3.13258851085e-06	7.00269195456e-05
PLASARI_TGFB1_TARGETS_10HR_UP	11	162	156	6.50806120119	3.25928997002e-06	7.2290033007e-05
KIM_WT1_TARGETS_UP	12	196	156	5.85099637681	3.40784258557e-06	7.49989542668e-05
MUNSHI_MULTIPLE_MYELOMA_UP	8	78	156	10.0702702703	3.56540047204e-06	7.78628610779e-05
REACTOME_TRANSLOCATION_OF_ZAP_70_TO_IMMUNOLOGICAL_SYNAPSE	4	10	156	57.5131578947	3.64736449195e-06	7.90447923103e-05
REACTOME_COSTIMULATION_BY_THE_CD28_FAMILY	7	56	156	12.5254074784	3.88134331334e-06	8.28506290719e-05
LIAN_LIPA_TARGETS_6M	7	56	156	12.5254074784	3.88134331334e-06	8.28506290719e-05
HUMMERICH_SKIN_CANCER_PROGRESSION_UP	8	80	156	9.78903903904	4.32129542483e-06	9.15534157544e-05
KEGG_ASTHMA	5	22	156	25.5161667316	4.71276986732e-06	9.91078048394e-05
LENAOUR_DENDRITIC_CELL_MATURATION_DN	9	108	156	8.04576376005	4.95163028035e-06	0.000102610790992
GRAHAM_NORMAL_QUIESCENT_VS_NORMAL_DIVIDING_UP	7	58	156	12.0323726806	4.93407455368e-06	0.000102610790992
GRAESSMANN_APOPTOSIS_BY_SERUM_DEPRIVATION_UP	18	447	156	3.84980237154	5.28182265495e-06	0.000108660105199
BIOCARTA_TCYTOTOXIC_PATHWAY	4	11	156	49.2932330827	5.67915767561e-06	0.000114348430078
BIOCARTA_THELPER_PATHWAY	4	11	156	49.2932330827	5.67915767561e-06	0.000114348430078
WEINMANN_ADAPTATION_TO_HYPOXIA_DN	6	39	156	15.856969697	5.67357382508e-06	0.000114348430078
KEGG_CHEMOKINE_SIGNALING_PATHWAY	11	174	156	6.02335519357	6.4962107065e-06	0.000129878466167
PID_AMB2_NEUTROPHILS_PATHWAY	6	40	156	15.3894117647	6.61040689752e-06	0.000131237378895
MANALO_HYPOXIA_UP	11	177	156	5.91312837557	7.64957082043e-06	0.000150813413606
TENEDINI_MEGAKARYOCYTE_MARKERS	7	62	156	11.1538743136	7.75929663818e-06	0.000151921676937
BIOCARTA_CTL_PATHWAY	4	12	156	43.1282894737	8.44085846793e-06	0.000160829511345
REACTOME_PHOSPHORYLATION_OF_CD3_AND_TCR_ZETA_CHAINS	4	12	156	43.1282894737	8.44085846793e-06	0.000160829511345
HEDVAT_ELF4_TARGETS_UP	4	12	156	43.1282894737	8.44085846793e-06	0.000160829511345
DAZARD_RESPONSE_TO_UV_SCC_UP	9	115	156	7.51039661147	8.30125419747e-06	0.000160829511345
REACTOME_CLASS_A1_RHODOPSIN_LIKE_RECEPTORS	10	146	156	6.53253424658	8.54459835613e-06	0.000161720764887
PID_TCR_PATHWAY	7	63	156	10.9538590604	8.6438640313e-06	0.000162516092615
SMID_BREAST_CANCER_RELAPSE_IN_BONE_DN	13	254	156	4.85099962278	9.43916948856e-06	0.000176301330119
ICHIBA_GRAFT_VERSUS_HOST_DISEASE_D7_UP	8	89	156	8.6953620287	9.62911582279e-06	0.000178673593601
KOKKINAKIS_METHIONINE_DEPRIVATION_48HR_UP	9	118	156	7.30200337016	1.02430265736e-05	0.000186409951555
AMIT_EGF_RESPONSE_60_HELA	6	43	156	14.1383783784	1.01984144148e-05	0.000186409951555
PID_TCPTP_PATHWAY	6	43	156	14.1383783784	1.01984144148e-05	0.000186409951555
THUM_SYSTOLIC_HEART_FAILURE_UP	15	339	156	4.1939190964	1.11127474365e-05	0.000200949617658
SENESE_HDAC1_TARGETS_UP	16	383	156	3.96356558972	1.15097503657e-05	0.000206811273976
JECHLINGER_EPITHELIAL_TO_MESENCHYMAL_TRANSITION_UP	7	66	156	10.3944943692	1.18138732493e-05	0.000210940793425
REACTOME_PD1_SIGNALING	4	13	156	38.3333333333	1.20809257316e-05	0.000211714494765
BIOCARTA_STEM_PATHWAY	4	13	156	38.3333333333	1.20809257316e-05	0.000211714494765
BIOCARTA_TH1TH2_PATHWAY	4	13	156	38.3333333333	1.20809257316e-05	0.000211714494765
KIM_WT1_TARGETS_12HR_DN	11	187	156	5.57284482759	1.28824557682e-05	0.000224376024086
BOSCO_ALLERGEN_INDUCED_TH2_ASSOCIATED_MODULE	9	122	156	7.04135813617	1.34261031926e-05	0.000232418944901
MARKS_HDAC_TARGETS_DN	4	14	156	34.4973684211	1.67587772149e-05	0.000284899212653
CHEN_ETV5_TARGETS_SERTOLI	4	14	156	34.4973684211	1.67587772149e-05	0.000284899212653
KEGG_ONE_CARBON_POOL_BY_FOLATE	4	14	156	34.4973684211	1.67587772149e-05	0.000284899212653
PID_IL6_7_PATHWAY	6	47	156	12.7551219512	1.72797520508e-05	0.000290279385043
PRAMOONJAGO_SOX4_TARGETS_UP	6	47	156	12.7551219512	1.72797520508e-05	0.000290279385043
MARKEY_RB1_ACUTE_LOF_DN	11	194	156	5.35677407198	1.81871277764e-05	0.000303725033866
ZWANG_CLASS_1_TRANSIENTLY_INDUCED_BY_EGF	16	399	156	3.79321148825	1.90907102862e-05	0.000316950447382
ADDYA_ERYTHROID_DIFFERENTIATION_BY_HEMIN	7	71	156	9.57875419463	1.92073601577e-05	0.0003170331133
REACTOME_TCR_SIGNALING	6	48	156	12.4504761905	1.95580301922e-05	0.000318359027726
WIERENGA_STAT5A_TARGETS_GROUP2	6	48	156	12.4504761905	1.95580301922e-05	0.000318359027726
SENESE_HDAC2_TARGETS_UP	8	98	156	7.82042042042	1.96241035055e-05	0.000318359027726
ZHAN_V1_LATE_DIFFERENTIATION_GENES_UP	5	29	156	18.0642935982	1.98868963327e-05	0.000320789197094
OKUMURA_INFLAMMATORY_RESPONSE_LPS	10	161	156	5.87680304817	2.01424135274e-05	0.000323075209064
ZHU_CMV_8_HR_DN	6	49	156	12.16	2.207237473e-05	0.000346207026842
BURTON_ADIPOGENESIS_PEAK_AT_2HR	6	49	156	12.16	2.207237473e-05	0.000346207026842
HADDAD_T_LYMPHOCYTE_AND_NK_PROGENITOR_DN	6	49	156	12.16	2.207237473e-05	0.000346207026842
ZHANG_ANTIVIRAL_RESPONSE_TO_RIBAVIRIN_DN	6	49	156	12.16	2.207237473e-05	0.000346207026842
SA_MMP_CYTOKINE_CONNECTION	4	15	156	31.3588516746	2.2644164792e-05	0.000353224087058
HORIUCHI_WTAP_TARGETS_UP	12	237	156	4.76962962963	2.33927387118e-05	0.000362907022966
WESTON_VEGFA_TARGETS_12HR	5	30	156	17.340397351	2.36391216704e-05	0.000364736230556
GROSS_HYPOXIA_VIA_ELK3_AND_HIF1A_UP	9	131	156	6.51739712278	2.37888699591e-05	0.000365062712507
PID_CD8_TCR_PATHWAY	6	50	156	11.8827272727	2.48406742561e-05	0.000379154162436
CHEN_METABOLIC_SYNDROM_NETWORK	27	955	156	2.73919907779	2.5523053233e-05	0.000387486353629
KEGG_ABC_TRANSPORTERS	5	31	156	16.6721854305	2.79192465076e-05	0.000417172320185
ZHOU_TNF_SIGNALING_30MIN	6	51	156	11.6177777778	2.78816648606e-05	0.000417172320185
BOYLAN_MULTIPLE_MYELOMA_C_D_DN	11	203	156	5.10211925287	2.77172290797e-05	0.000417172320185
BAKER_HEMATOPOIESIS_STAT3_TARGETS	4	16	156	28.7434210526	2.99165686734e-05	0.000442249836918
VECCHI_GASTRIC_CANCER_ADVANCED_VS_EARLY_UP	9	135	156	6.30855199223	3.02206651504e-05	0.000442249836918
REACTOME_INTERFERON_SIGNALING	9	135	156	6.30855199223	3.02206651504e-05	0.000442249836918
PID_ANTHRAX_PATHWAY	4	16	156	28.7434210526	2.99165686734e-05	0.000442249836918
KEGG_CELL_ADHESION_MOLECULES_CAMS	8	105	156	7.25215937587	3.24400526395e-05	0.000472293894582
KEGG_NATURAL_KILLER_CELL_MEDIATED_CYTOTOXICITY	8	106	156	7.17760617761	3.47424272184e-05	0.000502387389245
PID_CD8_TCR_DOWNSTREAM_PATHWAY	6	53	156	11.1217021277	3.48609776968e-05	0.000502387389245
HELLER_HDAC_TARGETS_SILENCED_BY_METHYLATION_DN	12	247	156	4.56312056738	3.51354427332e-05	0.00050378546424
GRAHAM_CML_DIVIDING_VS_NORMAL_QUIESCENT_DN	7	78	156	8.62973816051	3.562378268e-05	0.000508220698635
KOKKINAKIS_METHIONINE_DEPRIVATION_96HR_UP	8	107	156	7.10455910456	3.71798742838e-05	0.000527768315459
WANG_MLL_TARGETS	11	210	156	4.91997920638	3.78614774694e-05	0.00053476982356
SHIN_B_CELL_LYMPHOMA_CLUSTER_9	4	17	156	26.5303643725	3.87646101358e-05	0.000539474157723
DAZARD_UV_RESPONSE_CLUSTER_G28	4	17	156	26.5303643725	3.87646101358e-05	0.000539474157723
RASHI_NFKB1_TARGETS	4	17	156	26.5303643725	3.87646101358e-05	0.000539474157723
RODWELL_AGING_KIDNEY_UP	15	380	156	3.71087146604	4.21201347194e-05	0.000580480885769
NEMETH_INFLAMMATORY_RESPONSE_LPS_UP	7	80	156	8.39201985842	4.20033343351e-05	0.000580480885769
KIM_WT1_TARGETS_8HR_DN	8	109	156	6.96280438855	4.24850603381e-05	0.000582681576328
LIU_TARGETS_OF_VMYB_VS_CMYB_DN	5	34	156	14.9440511532	4.44410574065e-05	0.000606577701812
SANSOM_APC_TARGETS_DN	13	295	156	4.13249516441	4.56173938088e-05	0.000619654454656
FERRARI_RESPONSE_TO_FENRETINIDE_UP	4	18	156	24.6334586466	4.93854823501e-05	0.000667644687581
KRIEG_HYPOXIA_NOT_VIA_KDM3A	20	630	156	3.00795564127	5.02768971978e-05	0.000676474460401
PID_HIV_NEF_PATHWAY	5	35	156	14.444812362	5.13592811598e-05	0.000687778298173
NADLER_OBESITY_UP	6	57	156	10.2462745098	5.30132207295e-05	0.0007065940547
BUYTAERT_PHOTODYNAMIC_THERAPY_STRESS_UP	22	742	156	2.8190920398	5.7575897488e-05	0.000763822303591
BOQUEST_STEM_CELL_CULTURED_VS_FRESH_UP	14	346	156	3.79132021042	5.86838765819e-05	0.000771312618593
BARIS_THYROID_CANCER_DN	6	58	156	10.0484615385	5.85613717678e-05	0.000771312618593
ACEVEDO_FGFR1_TARGETS_IN_PROSTATE_CANCER_MODEL_UP	11	221	156	4.65829228243	6.02460981337e-05	0.000788196647934
WANG_TNF_TARGETS	4	19	156	22.9894736842	6.19843988856e-05	0.000807218846038
ONO_AML1_TARGETS_DN	5	37	156	13.539942053	6.76690145649e-05	0.000877225261871
VART_KSHV_INFECTION_ANGIOGENIC_MARKERS_DN	8	118	156	6.3886977887	7.48341786623e-05	0.000965701060102
SIMBULAN_UV_RESPONSE_NORMAL_UP	3	8	156	51.4352941176	8.53354978412e-05	0.00106725761397
BUDHU_LIVER_CANCER_METASTASIS_UP	3	8	156	51.4352941176	8.53354978412e-05	0.00106725761397
ZHU_CMV_ALL_DN	8	120	156	6.27364864865	8.42742304688e-05	0.00106725761397
SWEET_LUNG_CANCER_KRAS_DN	14	358	156	3.65562561415	8.45437365236e-05	0.00106725761397
GOUYER_TATI_TARGETS_UP	3	8	156	51.4352941176	8.53354978412e-05	0.00106725761397
SOUCEK_MYC_TARGETS	3	8	156	51.4352941176	8.53354978412e-05	0.00106725761397
GALIE_TUMOR_ANGIOGENESIS	3	8	156	51.4352941176	8.53354978412e-05	0.00106725761397
NAKAMURA_TUMOR_ZONE_PERIPHERAL_VS_CENTRAL_DN	17	502	156	3.17935177631	8.752853985e-05	0.00108731973725
STOSSI_RESPONSE_TO_ESTRADIOL	5	39	156	12.7415270744	8.77056075485e-05	0.00108731973725
DEURIG_T_CELL_PROLYMPHOCYTIC_LEUKEMIA_DN	12	273	156	4.10025542784	9.22446812593e-05	0.0011386202178
UROSEVIC_RESPONSE_TO_IMIQUIMOD	4	21	156	20.2817337461	9.39741323935e-05	0.00114035306376
REACTOME_ABC_FAMILY_PROTEINS_MEDIATED_TRANSPORT	4	21	156	20.2817337461	9.39741323935e-05	0.00114035306376
PID_HIF1_TFPATHWAY	6	63	156	9.16350877193	9.36706868251e-05	0.00114035306376
GAL_LEUKEMIC_STEM_CELL_DN	10	193	156	4.83718841231	9.39917636212e-05	0.00114035306376
LABBE_TARGETS_OF_TGFB1_AND_WNT3A_DN	7	91	156	7.28691275168	9.6084851166e-05	0.00116078677643
HESS_TARGETS_OF_HOXA9_AND_MEIS1_DN	6	64	156	9.00482758621	0.000102367531187	0.00123144669932
MA_MYELOID_DIFFERENTIATION_DN	5	41	156	12.0318248712	0.000112017699112	0.00134184914675
BIOCARTA_IL6_PATHWAY	4	22	156	19.1535087719	0.000113810753943	0.00135759970775
PASINI_SUZ12_TARGETS_DN	12	280	156	3.99098258706	0.000117209324095	0.00139228983726
LEE_DIFFERENTIATING_T_LYMPHOCYTE	9	161	156	5.21898496241	0.000119034057195	0.00140807370157
PID_AP1_PATHWAY	6	66	156	8.70333333333	0.000121683430121	0.00142751759552
NATSUME_RESPONSE_TO_INTERFERON_BETA_UP	6	66	156	8.70333333333	0.000121683430121	0.00142751759552
AGARWAL_AKT_PATHWAY_TARGETS	3	9	156	42.8594771242	0.00012689959284	0.00144685921314
BIOCARTA_IL5_PATHWAY	3	9	156	42.8594771242	0.00012689959284	0.00144685921314
JU_AGING_TERC_TARGETS_UP	3	9	156	42.8594771242	0.00012689959284	0.00144685921314
BIOCARTA_TCRA_PATHWAY	3	9	156	42.8594771242	0.00012689959284	0.00144685921314
KLEIN_TARGETS_OF_BCR_ABL1_FUSION	5	42	156	11.7057454806	0.000125958838026	0.00144685921314
KOINUMA_TARGETS_OF_SMAD2_OR_SMAD3	21	727	156	2.72751022978	0.000124143788475	0.00144685921314
WATTEL_AUTONOMOUS_THYROID_ADENOMA_DN	5	42	156	11.7057454806	0.000125958838026	0.00144685921314
REACTOME_GENERATION_OF_SECOND_MESSENGER_MOLECULES	4	23	156	18.1440443213	0.000136516043058	0.00153797240572
BIOCARTA_NFKB_PATHWAY	4	23	156	18.1440443213	0.000136516043058	0.00153797240572
JEON_SMAD6_TARGETS_UP	4	23	156	18.1440443213	0.000136516043058	0.00153797240572
GROSS_HYPOXIA_VIA_HIF1A_DN	7	97	156	6.79798657718	0.000143800367309	0.0016009774227
WOO_LIVER_CANCER_RECURRENCE_UP	7	97	156	6.79798657718	0.000143800367309	0.0016009774227
LENAOUR_DENDRITIC_CELL_MATURATION_UP	7	97	156	6.79798657718	0.000143800367309	0.0016009774227
PODAR_RESPONSE_TO_ADAPHOSTIN_UP	8	130	156	5.75498449269	0.000147562025225	0.00163643980317
ST_T_CELL_SIGNAL_TRANSDUCTION	5	44	156	11.1037527594	0.00015779503338	0.00174311322866
BIOCARTA_NTHI_PATHWAY	4	24	156	17.2355263158	0.000162327632291	0.00177933647905
PEPPER_CHRONIC_LYMPHOCYTIC_LEUKEMIA_UP	4	24	156	17.2355263158	0.000162327632291	0.00177933647905
SMIRNOV_CIRCULATING_ENDOTHELIOCYTES_IN_CANCER_UP	8	132	156	5.66129032258	0.000164024936953	0.0017910261385
DUTERTRE_ESTRADIOL_RESPONSE_24HR_DN	15	430	156	3.25096129198	0.000167678268442	0.00182390269773
FRIDMAN_SENESCENCE_UP	6	70	156	8.156875	0.0001689503312	0.00183072515373
WIERENGA_STAT5A_TARGETS_UP	9	169	156	4.9549744898	0.000171947879287	0.0018561217844
CHIANG_LIVER_CANCER_SUBCLASS_CTNNB1_DN	8	133	156	5.61556756757	0.000172806677307	0.00185832635179
ZHU_CMV_8_HR_UP	5	45	156	10.8253311258	0.000175850327561	0.00186283238785
SHIPP_DLBCL_VS_FOLLICULAR_LYMPHOMA_UP	5	45	156	10.8253311258	0.000175850327561	0.00186283238785
REACTOME_NUCLEOTIDE_BINDING_DOMAIN_LEUCINE_RICH_REPEAT_CONTAINING_RECEPTOR_NLR_SIGNALING_PATHWAYS	5	45	156	10.8253311258	0.000175850327561	0.00186283238785
TAVOR_CEBPA_TARGETS_UP	5	45	156	10.8253311258	0.000175850327561	0.00186283238785
KIM_GLIS2_TARGETS_UP	6	71	156	8.03076923077	0.000182774460645	0.00192183960656
ONDER_CDH1_SIGNALING_VIA_CTNNB1	6	71	156	8.03076923077	0.000182774460645	0.00192183960656
PID_TOLL_ENDOGENOUS_PATHWAY	4	25	156	16.4135338346	0.000191488213797	0.00200603335414
WUNDER_INFLAMMATORY_RESPONSE_AND_CHOLESTEROL_UP	5	46	156	10.5604910354	0.000195440901675	0.00203991441123
HELLEBREKERS_SILENCED_DURING_TUMOR_ANGIOGENESIS	6	72	156	7.90848484848	0.00019747687931	0.00205361487312
PICCALUGA_ANGIOIMMUNOBLASTIC_LYMPHOMA_UP	9	173	156	4.83262817322	0.000205002696668	0.00212409728408
CHARAFE_BREAST_CANCER_LUMINAL_VS_BASAL_DN	14	391	156	3.32700713565	0.000212778178473	0.00219664454067
PID_TCR_CALCIUM_PATHWAY	4	26	156	15.6662679426	0.000224245100297	0.00230663710052
REACTOME_GPCR_LIGAND_BINDING	10	215	156	4.31072502506	0.000227511310011	0.00233178559249
HALMOS_CEBPA_TARGETS_UP	5	48	156	10.0677652857	0.000239572152096	0.00244656597051
RUAN_RESPONSE_TO_TNF_UP	3	11	156	32.1397058824	0.00024499057282	0.00248402941513
YAGUE_PRETUMOR_DRUG_RESISTANCE_DN	3	11	156	32.1397058824	0.00024499057282	0.00248402941513
TARTE_PLASMA_CELL_VS_PLASMABLAST_UP	12	305	156	3.6433447099	0.000259388519048	0.00262065482412
HUPER_BREAST_BASAL_VS_LUMINAL_DN	5	49	156	9.83819987959	0.000264290145131	0.00263270077904
BROWNE_HCMV_INFECTION_4HR_UP	5	49	156	9.83819987959	0.000264290145131	0.00263270077904
HAHTOLA_MYCOSIS_FUNGOIDES_CD4_UP	5	49	156	9.83819987959	0.000264290145131	0.00263270077904
HOFMANN_CELL_LYMPHOMA_UP	5	49	156	9.83819987959	0.000264290145131	0.00263270077904
MCBRYAN_PUBERTAL_BREAST_4_5WK_UP	10	220	156	4.20645792564	0.000273691973437	0.00271682347058
WELCSH_BRCA1_TARGETS_UP	9	180	156	4.63229502327	0.000275545005418	0.00272568735325
PID_REG_GR_PATHWAY	6	77	156	7.34873239437	0.000285574151646	0.00281508686293
BROWNE_HCMV_INFECTION_1HR_UP	5	50	156	9.61883738043	0.000290897958898	0.00284779070797
DASU_IL6_SIGNALING_UP	5	50	156	9.61883738043	0.000290897958898	0.00284779070797
SHEN_SMARCA2_TARGETS_DN	10	222	156	4.1661281985	0.000294242969139	0.0028706384515
MARZEC_IL2_SIGNALING_UP	7	109	156	5.99269640742	0.000296615263275	0.00288387237136
KANG_IMMORTALIZED_BY_TERT_DN	6	78	156	7.24611111111	0.000306406167141	0.00295879968882
SWEET_KRAS_TARGETS_UP	6	78	156	7.24611111111	0.000306406167141	0.00295879968882
REACTOME_HORMONE_SENSITIVE_LIPASE_HSL_MEDIATED_TRIACYLGLYCEROL_HYDROLYSIS	3	12	156	28.5664488017	0.000323842141466	0.00310603999872
WACKER_HYPOXIA_TARGETS_OF_VHL	3	12	156	28.5664488017	0.000323842141466	0.00310603999872
MATSUDA_NATURAL_KILLER_DIFFERENTIATION	14	408	156	3.17920211625	0.00032840771778	0.00312873002132
WIELAND_UP_BY_HBV_INFECTION	6	79	156	7.14630136986	0.000328411957152	0.00312873002132
BERENJENO_TRANSFORMED_BY_RHOA_UP	16	509	156	2.92135612866	0.000329922562432	0.00313260921319
HAN_JNK_SINGALING_DN	4	29	156	13.7831578947	0.000346627210323	0.00325852533148
GROSS_ELK3_TARGETS_DN	4	29	156	13.7831578947	0.000346627210323	0.00325852533148
ST_TUMOR_NECROSIS_FACTOR_PATHWAY	4	29	156	13.7831578947	0.000346627210323	0.00325852533148
PID_PTP1B_PATHWAY	5	52	156	9.2081161054	0.000350159481187	0.00328086721812
YOSHIMURA_MAPK8_TARGETS_UP	25	1009	156	2.34535002793	0.000359643233053	0.00335864190341
ENK_UV_RESPONSE_EPIDERMIS_DN	15	462	156	3.01061449855	0.000362278809232	0.00337216242429
ZHU_CMV_ALL_UP	7	113	156	5.76478409523	0.00036971800958	0.00343016153333
TSAI_RESPONSE_TO_RADIATION_THERAPY	4	30	156	13.2520242915	0.000396320294232	0.00362952682363
VERHAAK_AML_WITH_NPM1_MUTATED_DN	9	189	156	4.39761904762	0.000394739878935	0.00362952682363
FARDIN_HYPOXIA_11	4	30	156	13.2520242915	0.000396320294232	0.00362952682363
FRIDMAN_IMMORTALIZATION_DN	4	30	156	13.2520242915	0.000396320294232	0.00362952682363
KEGG_SMALL_CELL_LUNG_CANCER	6	82	156	6.86263157895	0.000401936372722	0.00366912335099
ALCALAY_AML_BY_NPM1_LOCALIZATION_DN	8	151	156	4.90190890191	0.000409915610539	0.00372996928949
KEGG_SYSTEMIC_LUPUS_ERYTHEMATOSUS	7	115	156	5.65715883669	0.000411324346902	0.00373083009858
REACTOME_EXTRINSIC_PATHWAY_FOR_APOPTOSIS	3	13	156	25.7078431373	0.000417372644439	0.00374468835952
NUNODA_RESPONSE_TO_DASATINIB_IMATINIB_DN	3	13	156	25.7078431373	0.000417372644439	0.00374468835952
PID_SHP2_PATHWAY	5	54	156	8.83092309772	0.000418128288118	0.00374468835952
REACTOME_INTERFERON_ALPHA_BETA_SIGNALING	5	54	156	8.83092309772	0.000418128288118	0.00374468835952
ELVIDGE_HYPOXIA_UP	8	152	156	4.86749249249	0.000428442277421	0.00381891104057
LABBE_TGFB1_TARGETS_DN	6	83	156	6.77298701299	0.000429106242319	0.00381891104057
SHIN_B_CELL_LYMPHOMA_CLUSTER_8	4	31	156	12.7602339181	0.00045090118831	0.00398787686484
PID_CD40_PATHWAY	4	31	156	12.7602339181	0.00045090118831	0.00398787686484
MULLIGHAN_MLL_SIGNATURE_1_UP	12	326	156	3.39410828025	0.000473570458334	0.00417536189817
SENESE_HDAC1_AND_HDAC2_TARGETS_UP	9	194	156	4.27710976282	0.000477522327567	0.00419716993177
DIRMEIER_LMP1_RESPONSE_LATE_UP	5	56	156	8.48331385534	0.000495604702942	0.00432929769739
CROMER_TUMORIGENESIS_UP	5	56	156	8.48331385534	0.000495604702942	0.00432929769739
NAKAMURA_ADIPOGENESIS_EARLY_DN	4	32	156	12.3035714286	0.000510636499776	0.00444692338302
SATO_SILENCED_BY_METHYLATION_IN_PANCREATIC_CANCER_1	12	329	156	3.36119873817	0.000513851386679	0.00446123573939
GILMORE_CORE_NFKB_PATHWAY	3	14	156	23.3689839572	0.000526633662073	0.00453064535341
BIOCARTA_IL22BP_PATHWAY	3	14	156	23.3689839572	0.000526633662073	0.00453064535341
MAHADEVAN_GIST_MORPHOLOGICAL_SWITCH	3	14	156	23.3689839572	0.000526633662073	0.00453064535341
NAGASHIMA_NRG1_SIGNALING_UP	8	157	156	4.70233992382	0.000531574850405	0.00455933836948
ENGELMANN_CANCER_PROGENITORS_DN	5	57	156	8.31953642384	0.000538165803559	0.00460196601296
NAKAMURA_ADIPOGENESIS_LATE_DN	4	33	156	11.8784029038	0.000575794771538	0.00487964583999
PID_SYNDECAN_2_PATHWAY	4	33	156	11.8784029038	0.000575794771538	0.00487964583999
PID_IL1_PATHWAY	4	33	156	11.8784029038	0.000575794771538	0.00487964583999
BIOCARTA_HIVNEF_PATHWAY	5	58	156	8.16193927277	0.000583416078272	0.00492951858992
REACTOME_G_ALPHA_I_SIGNALLING_EVENTS	7	122	156	5.30995039393	0.000587320538606	0.0049477834098
REACTOME_SIGNALING_BY_GPCR	13	383	156	3.12800982801	0.000594971852312	0.00499741150507
CHICAS_RB1_TARGETS_GROWING	9	201	156	4.11894132653	0.000616939518504	0.0051666409824
SHIN_B_CELL_LYMPHOMA_CLUSTER_5	3	15	156	21.4199346405	0.000652634360609	0.00535499696465
BIOCARTA_CD40_PATHWAY	3	15	156	21.4199346405	0.000652634360609	0.00535499696465
BIOCARTA_HSP27_PATHWAY	3	15	156	21.4199346405	0.000652634360609	0.00535499696465
SIG_CD40PATHWAYMAP	4	34	156	11.4815789474	0.0006466461501	0.00535499696465
BIOCARTA_TOB1_PATHWAY	3	15	156	21.4199346405	0.000652634360609	0.00535499696465
SEMENZA_HIF1_TARGETS	4	34	156	11.4815789474	0.0006466461501	0.00535499696465
REACTOME_REGULATION_OF_INSULIN_LIKE_GROWTH_FACTOR_IGF_ACTIVITY_BY_INSULIN_LIKE_GROWTH_FACTOR_BINDING_PROTEINS_IGFBPS	3	15	156	21.4199346405	0.000652634360609	0.00535499696465
YAGI_AML_FAB_MARKERS	8	163	156	4.51822144725	0.000680979207675	0.00555122127673
BROWNE_HCMV_INFECTION_18HR_UP	8	163	156	4.51822144725	0.000680979207675	0.00555122127673
KEGG_ANTIGEN_PROCESSING_AND_PRESENTATION	5	60	156	7.86393738712	0.000682415014293	0.00555122127673
LIM_MAMMARY_STEM_CELL_UP	13	389	156	3.07664410058	0.00068767196679	0.00557800203919
PID_FRA_PATHWAY	4	35	156	11.1103565365	0.000723462065511	0.00583496819314
HOUSTIS_ROS	4	35	156	11.1103565365	0.000723462065511	0.00583496819314
GERHOLD_ADIPOGENESIS_DN	5	61	156	7.72291863765	0.000736382709677	0.00591621297532
BERTUCCI_MEDULLARY_VS_DUCTAL_BREAST_CANCER_UP	8	165	156	4.45997589947	0.000737703202981	0.00591621297532
ODONNELL_TFRC_TARGETS_UP	11	296	156	3.41246218996	0.000753418401698	0.00602522490822
WU_CELL_MIGRATION	8	166	156	4.43140608963	0.000767459501641	0.00612027394708
ELVIDGE_HIF1A_AND_HIF2A_TARGETS_DN	6	93	156	5.98988505747	0.000787129199947	0.00617709395719
BIOCARTA_LAIR_PATHWAY	3	16	156	19.7707390649	0.000796342510861	0.00617709395719
BROCKE_APOPTOSIS_REVERSED_BY_IL6	7	128	156	5.04431748849	0.000781717516046	0.00617709395719
MAHADEVAN_RESPONSE_TO_MP470_UP	3	16	156	19.7707390649	0.000796342510861	0.00617709395719
RUAN_RESPONSE_TO_TNF_TROGLITAZONE_UP	3	16	156	19.7707390649	0.000796342510861	0.00617709395719
MORI_EMU_MYC_LYMPHOMA_BY_ONSET_TIME_DN	3	16	156	19.7707390649	0.000796342510861	0.00617709395719
MARSON_FOXP3_CORE_DIRECT_TARGETS	3	16	156	19.7707390649	0.000796342510861	0.00617709395719
KEGG_VIRAL_MYOCARDITIS	5	62	156	7.58684791449	0.000793477530788	0.00617709395719
LIU_VAV3_PROSTATE_CARCINOGENESIS_DN	3	16	156	19.7707390649	0.000796342510861	0.00617709395719
XU_RESPONSE_TO_TRETINOIN_AND_NSC682994_UP	3	16	156	19.7707390649	0.000796342510861	0.00617709395719
GEISS_RESPONSE_TO_DSRNA_UP	4	36	156	10.7623355263	0.000806514922631	0.00621632441671
ONO_FOXP3_TARGETS_DN	4	36	156	10.7623355263	0.000806514922631	0.00621632441671
MARSHALL_VIRAL_INFECTION_RESPONSE_UP	2	4	156	85.2012987013	0.000810158518557	0.00621632441671
BUDHU_LIVER_CANCER_METASTASIS_DN	2	4	156	85.2012987013	0.000810158518557	0.00621632441671
KEGG_VASCULAR_SMOOTH_MUSCLE_CONTRACTION	6	94	156	5.92136363636	0.000832759492977	0.00633834906317
CHEN_LVAD_SUPPORT_OF_FAILING_HEART_UP	6	94	156	5.92136363636	0.000832759492977	0.00633834906317
LI_AMPLIFIED_IN_LUNG_CANCER	8	168	156	4.37533783784	0.000829871849711	0.00633834906317
REACTOME_GPCR_DOWNSTREAM_SIGNALING	11	300	156	3.36418088534	0.000841110247706	0.00638479142577
GAJATE_RESPONSE_TO_TRABECTEDIN_UP	5	63	156	7.45546928522	0.000853812333437	0.00646392857234
SARRIO_EPITHELIAL_MESENCHYMAL_TRANSITION_DN	7	130	156	4.96153216566	0.000856748932207	0.00646891015568
DAZARD_RESPONSE_TO_UV_NHEK_UP	9	211	156	3.91200242473	0.000872390941766	0.00656954345802
MARSON_BOUND_BY_FOXP3_STIMULATED	22	878	156	2.34511438136	0.000878022796777	0.00659446222236
LI_INDUCED_T_TO_NATURAL_KILLER_DN	6	95	156	5.85438202247	0.000880404673001	0.00659490466134
BIOCARTA_TOLL_PATHWAY	4	37	156	10.4354066986	0.000896077804324	0.00664220596991
ZHAN_EARLY_DIFFERENTIATION_GENES_DN	4	37	156	10.4354066986	0.000896077804324	0.00664220596991
TRAYNOR_RETT_SYNDROM_UP	4	37	156	10.4354066986	0.000896077804324	0.00664220596991
PID_GMCSF_PATHWAY	4	37	156	10.4354066986	0.000896077804324	0.00664220596991
ZHONG_SECRETOME_OF_LUNG_CANCER_AND_ENDOTHELIUM	5	64	156	7.32854416882	0.000917501202762	0.00676567770036
YAO_TEMPORAL_RESPONSE_TO_PROGESTERONE_CLUSTER_6	5	64	156	7.32854416882	0.000917501202762	0.00676567770036
HELLER_HDAC_TARGETS_SILENCED_BY_METHYLATION_UP	13	403	156	2.96293706294	0.000952376134165	0.00700465244791
NUYTTEN_NIPP1_TARGETS_DN	19	720	156	2.45084706936	0.000962719414501	0.00702611932588
BIOCARTA_PML_PATHWAY	3	17	156	18.3571428571	0.00095868548728	0.00702611932588
GRESHOCK_CANCER_COPY_NUMBER_UP	11	305	156	3.30567675346	0.00096248796212	0.00702611932588
DIAZ_CHRONIC_MEYLOGENOUS_LEUKEMIA_DN	6	97	156	5.72483516484	0.000981978532505	0.0071483001379
HUANG_FOXA2_TARGETS_UP	4	38	156	10.1277089783	0.00099242418506	0.00717745048094
RUTELLA_RESPONSE_TO_HGF_VS_CSF2RB_AND_IL4_DN	9	215	156	3.83485238756	0.000996095628563	0.00717745048094
REACTOME_INNATE_IMMUNE_SYSTEM	9	215	156	3.83485238756	0.000996095628563	0.00717745048094
REACTOME_IL1_SIGNALING	4	38	156	10.1277089783	0.00099242418506	0.00717745048094
MCBRYAN_PUBERTAL_BREAST_3_4WK_UP	8	174	156	4.21523933572	0.00104196626747	0.00748896767934
GOZGIT_ESR1_TARGETS_DN	16	569	156	2.5919917334	0.00109652152516	0.00784018633063
RUTELLA_RESPONSE_TO_CSF2RB_AND_IL4_DN	10	263	156	3.47988521306	0.00109911735104	0.00784018633063
SATO_SILENCED_BY_DEACETYLATION_IN_PANCREATIC_CANCER	4	39	156	9.83759398496	0.00109582765557	0.00784018633063
PHONG_TNF_RESPONSE_VIA_P38_PARTIAL	7	136	156	4.72857811768	0.00111645974333	0.00794393286046
HOSHIDA_LIVER_CANCER_SUBCLASS_S1	9	219	156	3.76064139942	0.00113368111586	0.00803480146636
BIOCARTA_STATHMIN_PATHWAY	3	18	156	17.1320261438	0.00114055124725	0.00803480146636
YIH_RESPONSE_TO_ARSENITE_C2	3	18	156	17.1320261438	0.00114055124725	0.00803480146636
GAVIN_PDE3B_TARGETS	3	18	156	17.1320261438	0.00114055124725	0.00803480146636
MARKEY_RB1_CHRONIC_LOF_DN	6	100	156	5.54085106383	0.00115096278595	0.00808807759728
DELACROIX_RAR_TARGETS_UP	4	40	156	9.56359649123	0.00120656165826	0.00842651833723
ONDER_CDH1_TARGETS_2_UP	9	221	156	3.72458606084	0.00120802851823	0.00842651833723
MANTOVANI_NFKB_TARGETS_UP	4	40	156	9.56359649123	0.00120656165826	0.00842651833723
JOHNSTONE_PARVB_TARGETS_3_UP	12	365	156	3.00991501416	0.00126938564555	0.00883280845027
FRASOR_RESPONSE_TO_ESTRADIOL_DN	5	69	156	6.7534147351	0.00129032804208	0.00895658022364
GOLDRATH_ANTIGEN_RESPONSE	11	317	156	3.17306738787	0.0013139619487	0.00909838529847
SESTO_RESPONSE_TO_UV_C3	3	19	156	16.0600490196	0.00134278929173	0.00918597301016
KEGG_FOCAL_ADHESION	8	181	156	4.04249336041	0.0013420449273	0.00918597301016
GROSS_HIF1A_TARGETS_UP	2	5	156	56.7965367965	0.00133984223451	0.00918597301016
REN_MIF_TARGETS_DN	2	5	156	56.7965367965	0.00133984223451	0.00918597301016
BIERIE_INFLAMMATORY_RESPONSE_TGFB1	2	5	156	56.7965367965	0.00133984223451	0.00918597301016
REACTOME_PLATELET_ACTIVATION_SIGNALING_AND_AGGREGATION	8	182	156	4.01894998447	0.00139001416589	0.00948617840613
REACTOME_IMMUNOREGULATORY_INTERACTIONS_BETWEEN_A_LYMPHOID_AND_A_NON_LYMPHOID_CELL	4	42	156	9.05886426593	0.00145111276871	0.00985576351764
ZHAN_MULTIPLE_MYELOMA_CD1_AND_CD2_DN	4	42	156	9.05886426593	0.00145111276871	0.00985576351764
