KEGG_ERBB_SIGNALING_PATHWAY	5	84	9	181.993670886	2.18361361829e-09	7.18408880419e-07
BREUHAHN_GROWTH_FACTOR_SIGNALING_IN_LIVER_CANCER	4	22	9	514.0	1.21811205594e-09	7.18408880419e-07
GRESHOCK_CANCER_COPY_NUMBER_UP	6	297	9	77.5807560137	2.12277677285e-08	4.65595705512e-06
PID_AJDISS_2PATHWAY	4	47	9	214.697674419	2.94460896407e-08	4.8438817459e-06
PID_PTP1B_PATHWAY	4	51	9	196.357446809	4.11986475135e-08	5.42174201278e-06
PID_TXA2PATHWAY	4	54	9	184.528	5.20831872192e-08	5.71178953171e-06
PID_ERBB_NETWORK_PATHWAY	3	12	9	643.111111111	7.09165651441e-08	6.66615712355e-06
BIOCARTA_CBL_PATHWAY	3	13	9	578.75	9.21557290726e-08	7.57980871622e-06
KEGG_ADHERENS_JUNCTION	4	72	9	135.470588235	1.68377632224e-07	1.14103104629e-05
REACTOME_AXON_GUIDANCE	5	200	9	72.9871794872	1.73408973601e-07	1.14103104629e-05
REACTOME_GRB2_EVENTS_IN_ERBB2_SIGNALING	3	20	9	340.235294118	3.66336352274e-07	2.1913574527e-05
REACTOME_SIGNALING_BY_ERBB2	4	91	9	105.710344828	4.34551777054e-07	2.38279224418e-05
PID_GLYPICAN_1PATHWAY	3	24	9	275.333333333	6.49397445532e-07	3.28695014739e-05
KEGG_PATHWAYS_IN_CANCER	5	282	9	51.0108303249	9.57534548975e-07	4.50041238018e-05
PID_P38_ALPHA_BETA_PATHWAY	3	31	9	206.375	1.43829530643e-06	5.25776839797e-05
PID_EPHRINB_REV_PATHWAY	3	30	9	214.037037037	1.29961057605e-06	5.25776839797e-05
PID_ALPHA_SYNUCLEIN_PATHWAY	3	30	9	214.037037037	1.29961057605e-06	5.25776839797e-05
PID_EPHA_FWDPATHWAY	3	31	9	206.375	1.43829530643e-06	5.25776839797e-05
PID_PDGFRB_PATHWAY	4	125	9	75.7818181818	1.55723169875e-06	5.39293925145e-05
PID_ARF6_PATHWAY	3	33	9	192.583333333	1.7444359759e-06	5.73919436071e-05
REACTOME_DEVELOPMENTAL_BIOLOGY	5	327	9	43.7072981366	1.99091063935e-06	6.23818666997e-05
PID_AMB2_NEUTROPHILS_PATHWAY	3	38	9	165.0	2.69198652393e-06	8.05148696703e-05
REACTOME_PI3K_EVENTS_IN_ERBB2_SIGNALING	3	40	9	156.054054054	3.1503257215e-06	9.01267097715e-05
PID_TCPTP_PATHWAY	3	43	9	144.3125	3.93044857533e-06	0.00010775979844
PID_A6B1_A6B4_INTEGRIN_PATHWAY	3	44	9	140.780487805	4.21640197032e-06	0.000110975699859
KEGG_ENDOCYTOSIS	4	165	9	56.7552795031	4.71781347148e-06	0.000119396971701
PID_PI3KCI_PATHWAY	3	48	9	128.222222222	5.49784785113e-06	0.000130791305228
KEGG_FOCAL_ADHESION	4	172	9	54.3571428571	5.56558745649e-06	0.000130791305228
KEGG_EPITHELIAL_CELL_SIGNALING_IN_HELICOBACTER_PYLORI_INFECTION	3	63	9	96.0416666667	1.25493894377e-05	0.000284741318967
TCGA_GLIOBLASTOMA_MUTATED	2	8	9	551.476190476	1.49576194531e-05	0.000328070453339
REACTOME_PECAM1_INTERACTIONS	2	10	9	413.535714286	2.40196815997e-05	0.000509837112664
HASINA_NOL7_TARGETS_DN	2	12	9	330.771428571	3.52005088726e-05	0.000723810463692
PID_CXCR4_PATHWAY	3	95	9	62.4619565217	4.3199716945e-05	0.000861376174237
BIOCARTA_BARRESTIN_SRC_PATHWAY	2	14	9	275.595238095	4.8494966379e-05	0.000911705367925
PID_SYNDECAN_3_PATHWAY	2	14	9	275.595238095	4.8494966379e-05	0.000911705367925
REACTOME_REGULATION_OF_KIT_SIGNALING	2	15	9	254.373626374	5.59332039997e-05	0.00102233467311
FINETTI_BREAST_CANCER_KINOME_GREEN	2	16	9	236.183673469	6.38979272126e-05	0.00113634692178
PID_NFKAPPAB_ATYPICAL_PATHWAY	2	17	9	220.419047619	7.23884964014e-05	0.00122132386236
BIOCARTA_SPRY_PATHWAY	2	17	9	220.419047619	7.23884964014e-05	0.00122132386236
KEGG_CALCIUM_SIGNALING_PATHWAY	3	120	9	49.0085470085	8.68004207182e-05	0.00142786692081
NOJIMA_SFRP2_TARGETS_DN	2	19	9	194.453781513	9.09446167211e-05	0.0014595501903
PID_ECADHERIN_KERATINOCYTE_PATHWAY	2	20	9	183.634920635	0.000101008891109	0.00154567093836
REACTOME_CTLA4_INHIBITORY_SIGNALING	2	20	9	183.634920635	0.000101008891109	0.00154567093836
BIOCARTA_HER2_PATHWAY	2	21	9	173.954887218	0.000111596457979	0.00166887430341
KEGG_CYTOKINE_CYTOKINE_RECEPTOR_INTERACTION	3	143	9	40.875	0.000146168914436	0.00213731434887
DING_LUNG_CANCER_MUTATED_SIGNIFICANTLY	2	25	9	143.652173913	0.000159166915136	0.00227677891651
REACTOME_THE_ROLE_OF_NEF_IN_HIV1_REPLICATION_AND_DISEASE_PATHOGENESIS	2	26	9	137.654761905	0.000172361397393	0.00241305956351
BIOCARTA_ERK_PATHWAY	2	27	9	132.137142857	0.000186075356796	0.00255078301607
REACTOME_SEMA4D_IN_SEMAPHORIN_SIGNALING	2	29	9	122.328042328	0.00021505917091	0.00288793743793
ST_ADRENERGIC	2	30	9	117.948979592	0.000230327758794	0.0029716797115
REACTOME_CD28_CO_STIMULATION	2	30	9	117.948979592	0.000230327758794	0.0029716797115
BIOCARTA_AGR_PATHWAY	2	31	9	113.871921182	0.000246113290171	0.00302288965236
KYNG_DNA_DAMAGE_UP	3	171	9	33.9791666667	0.000248079090011	0.00302288965236
ST_G_ALPHA_I_PATHWAY	2	31	9	113.871921182	0.000246113290171	0.00302288965236
PID_ERBB4_PATHWAY	2	33	9	106.506912442	0.00027923265517	0.00328098369825
BIOCARTA_AT1R_PATHWAY	2	33	9	106.506912442	0.00027923265517	0.00328098369825
PID_ERBB1_RECEPTOR_PROXIMAL_PATHWAY	2	35	9	100.034632035	0.000314412214421	0.0035669523636
PID_UPA_UPAR_PATHWAY	2	35	9	100.034632035	0.000314412214421	0.0035669523636
REACTOME_GAB1_SIGNALOSOME	2	36	9	97.0840336134	0.000332772990443	0.00371126487646
BIOCARTA_MET_PATHWAY	2	37	9	94.3020408163	0.0003516469243	0.00385639460316
KEGG_BLADDER_CANCER	2	38	9	91.6746031746	0.000371033386757	0.00400229456535
PID_ERBB1_INTERNALIZATION_PATHWAY	2	39	9	89.1891891892	0.000390931749093	0.00414892082102
PID_ECADHERIN_STABILIZATION_PATHWAY	2	40	9	86.8345864662	0.000411341383054	0.00429623222301
QI_PLASMACYTOMA_UP	3	207	9	27.8946078431	0.000435241587996	0.0044059840754
PID_ERBB2_ERBB3_PATHWAY	2	41	9	84.6007326007	0.000432261660932	0.0044059840754
PID_FGF_PATHWAY	2	44	9	78.537414966	0.000498080087806	0.00496570754206
TCGA_GLIOBLASTOMA_COPY_NUMBER_UP	2	48	9	71.6832298137	0.000592949007484	0.00582329025261
BROWNE_HCMV_INFECTION_14HR_DN	3	237	9	24.2542735043	0.000646785783605	0.00625860361195
PID_SHP2_PATHWAY	2	51	9	67.27696793	0.000669412100618	0.00629247374581
KEGG_ENDOMETRIAL_CANCER	2	51	9	67.27696793	0.000669412100618	0.00629247374581
REACTOME_COSTIMULATION_BY_THE_CD28_FAMILY	2	52	9	65.9257142857	0.000695908170395	0.00644940248057
KEGG_MELANOMA	2	54	9	63.3791208791	0.000750409136095	0.00676396180206
KEGG_NON_SMALL_CELL_LUNG_CANCER	2	54	9	63.3791208791	0.000750409136095	0.00676396180206
REACTOME_SEMAPHORIN_INTERACTIONS	2	56	9	61.0211640212	0.000806917729919	0.00717502522009
PEDERSEN_TARGETS_OF_611CTF_ISOFORM_OF_ERBB2	2	58	9	58.8316326531	0.000865428990481	0.00759269700982
PID_LYSOPHOSPHOLIPID_PATHWAY	2	61	9	55.8256658596	0.000956940047815	0.00807264809567
PID_RB_1PATHWAY	2	61	9	55.8256658596	0.000956940047815	0.00807264809567
KYNG_DNA_DAMAGE_BY_GAMMA_RADIATION	2	61	9	55.8256658596	0.000956940047815	0.00807264809567
PID_TELOMERASE_PATHWAY	2	63	9	53.9859484778	0.00102043632062	0.00849933036669
ST_FAS_SIGNALING_PATHWAY	2	64	9	53.1105990783	0.00105292927637	0.00866034329815
DUTERTRE_ESTRADIOL_RESPONSE_6HR_DN	2	65	9	52.2630385488	0.00108591795683	0.00882140759992
SIG_PIP3_SIGNALING_IN_CARDIAC_MYOCTES	2	66	9	51.4419642857	0.00111940174641	0.0089825164529
REACTOME_CELL_SURFACE_INTERACTIONS_AT_THE_VASCULAR_WALL	2	67	9	50.6461538462	0.00115338003008	0.00903481023565
KEGG_PANCREATIC_CANCER	2	67	9	50.6461538462	0.00115338003008	0.00903481023565
HUANG_DASATINIB_RESISTANCE_UP	2	68	9	49.8744588745	0.00118785219325	0.00919537344889
